4231
770
1149
6323
6121
3884
9141
8878
6700
9355
2897
3036
5651
4695
6662
1577
7548
3487
5630
2562
9071
3678
6572
8998
1344
6934
2246
6414
7176
2583
1150
9693
8728
8844
8726
8176
6774
366
4718
2163
7077
2123
4616
291
4425
4002
3578
8266
406
6638
791
6020
328
6570
7179
7002
3467
835
4539
5973
7339
9734
4945
3580
1947
7693
5865
874
3296
7102
7418
9487
5430
6259
6802
480
9887
7965
5065
6183
4662
8054
5280
5290
9686
1534
9535
7010
8297
1505
4762
9374
8040
1515
947
578
9174
5060
4295
5590
1169
4561
8420
312
9417
9302
6960
8130
508
4602
875
9528
7682
853
17
1695
8271
3485
8146
3024
9819
9817
7714
5624
9791
6825
4997
2542
3157
5071
572
8012
4946
3331
3524
2250
7470
3840
6456
6980
4789
1298
458
4709
8497
4797
1350
2526
3669
6410
5854
2270
8097
6826
3435
8191
7917
4847
8571
4879
6824
2509
7874
9029
5563
6009
3999
8447
5282
361
5451
826
866
7093
6461
1199
4136
9430
6227
5884
7338
2569
7902
1062
8907
6295
1614
4161
1775
1995
137
9752
4704
9927
1198
1804
1395
8943
2405
6762
8111
5918
653
2625
3108
2078
1773
2266
7008
5078
711
1569
3586
610
9885
3780
9536
5120
9558
3838
1585
5213
1938
2197
9662
44
1394
4900
16
9625
3500
674
2661
7233
5404
4957
9272
4574
7671
8807
851
8611
2217
1963
283
794
9840
298
3944
1116
2869
7385
95
8324
3022
4084
6241
9259
8493
3101
2551
5977
6354
8189
233
7245
4867
1727
6689
809
3892
8718
6391
869
890
9898
8131
8280
6978
2928
7262
9394
8212
684
7849
7930
1983
8213
2660
6766
7674
5985
3667
515
3189
8928
8835
4163
5808
84
6566
9316
5576
1510
1071
8148
971
6008
8065
9471
4312
1594
321
2961
1716
8094
7171
7104
4834
2309
6740
7426
1961
9221
240
7639
8282
697
5790
7781
2767
9285
8026
2700
3819
3005
1189
3428
8365
4757
7020
8720
8506
4798
8555
1492
5710
7164
1374
4664
8011
1261
793
2584
2222
609
9456
6763
8058
3567
6770
7449
6116
5019
3789
8745
2595
2622
9437
6249
8505
3965
5239
8329
7567
7182
8241
4536
4833
3831
263
4974
5608
4378
1365
6642
2829
4403
3019
7638
2333
8919
127
6927
5307
1962
5492
9137
6388
5793
3339
7856
6875
8139
751
528
8006
2543
5558
2883
7311
2458
2348
957
6081
6166
7571
1891
9222
2680
5126
3461
4028
2313
413
7929
9164
8033
4270
7043
9649
9707
1005
5942
3209
912
709
5324
1925
4210
4342
6765
5900
3610
9593
4373
9049
2954
7634
9064
1560
128
3192
1680
4734
6258
6333
1441
8441
7334
4968
7708
714
4310
1483
7242
1887
9458
6147
8116
9022
1746
5567
9370
9567
3458
8824
6110
3645
4775
4129
6311
9606
3261
2754
5097
2143
9980
5695
7539
3225
844
8981
185
8931
9759
8746
1396
5320
6321
4256
4786
7852
1065
2234
3252
1839
627
5871
7000
1593
5045
9192
5600
9206
4592
9737
226
1131
3497
7228
3869
4122
7783
7281
6216
3161
5325
7569
7009
9294
4741
7851
4500
2285
9368
9078
2055
2710
8527
8863
4719
4093
5198
5035
7434
9830
4323
2261
9879
4057
1987
7786
6612
8145
7547
3543
5029
7027
1184
8038
6595
9152
3920
1698
7258
807
3583
416
1793
4383
4420
8444
4396
1108
9995
5123
7825
9709
3144
2550
7640
8634
3791
7118
4089
7969
7905
2247
5171
2587
8426
7818
215
5534
5526
3453
3627
854
1154
6653
7836
6784
8488
7951
2871
2703
8160
9012
5455
8582
2065
496
8421
4933
4942
2604
2337
7394
6337
7770
6253
985
8938
5668
2304
647
2292
4836
1542
4347
7491
1836
5740
815
7419
6785
7465
1368
8615
8085
9144
5372
1750
8827
8971
2946
3862
6199
6366
3758
2026
3037
9280
9615
7100
4061
392
1792
1226
9055
342
1655
1313
5730
9135
5346
8887
7827
6328
1208
1956
8987
2698
3034
1630
6430
3031
8549
1905
8423
9007
8996
1857
4805
2979
7975
6748
7204
3257
4368
1509
9706
1314
3291
678
3415
672
2216
2068
6074
7424
4372
5104
7313
3814
776
7515
4126
7037
3557
2056
3649
5458
4516
3491
5639
4097
5414
8232
7175
8893
7275
7372
6654
4764
1211
9663
8279
8340
8929
63
9037
2635
4815
733
3378
3721
2725
2170
2875
6026
4455
7370
2120
6502
2028
9691
9034
9424
2383
1372
6371
114
6353
4318
4697
1029
6214
1684
2489
4486
6094
8674
1796
4133
5400
4081
5633
9291
5048
3581
6715
1841
7114
288
47
360
8535
1001
2699
9910
7796
5959
7938
359
8523
2952
2880
225
7290
9828
2470
8351
1336
586
7643
4678
4913
8048
195
5653
7038
5645
2624
6900
8668
5339
2674
743
8003
4109
7483
91
3976
9770
5638
5125
5772
5473
2648
4032
4895
2918
6563
9233
1007
1017
120
3262
6204
8969
2940
2417
1299
4624
4138
6925
8251
8575
5937
5318
3948
8916
8576
388
1980
6579
1210
6291
5550
7771
5504
8589
3588
8306
5040
4959
8836
3395
1913
4128
4484
497
7397
8144
1858
2030
2271
9777
9641
6977
4286
6460
5612
8797
8077
4054
7789
8066
7599
5989
38
5544
6141
9948
6501
2559
5015
209
7658
6440
6365
1624
9882
6920
1399
8162
1351
9104
1866
5820
6526
8380
5253
9653
9515
1568
9993
8474
7516
2777
5070
1465
7405
8570
365
6951
2933
544
5231
4329
3609
164
3366
7952
6138
1723
7083
93
529
8024
4050
1140
3736
403
6591
3184
5711
7845
6444
7220
4676
1553
8361
2518
1416
556
7960
5687
7808
8848
7467
921
2302
6809
3696
3249
8019
3931
5948
5714
9580
5364
8211
8309
5809
1264
335
3488
5858
2381
2345
6303
3463
9943
1997
234
1145
1301
9772
4112
3640
3531
6330
4033
7565
649
1926
4098
2467
8599
6113
6419
6921
6200
2478
3406
6687
3003
723
993
8115
7788
419
9526
5823
6137
6516
6334
4821
5945
3396
616
7428
9877
9848
6981
4016
7298
4257
2905
3970
518
2239
4831
6276
6908
3714
431
4281
1763
338
8751
6302
7091
7412
82
7909
3272
7086
5508
5924
5086
4686
2463
2263
246
4644
9423
5666
5926
2942
6329
1227
8056
2400
6327
9149
1622
3612
4784
7797
384
7994
2494
2318
4175
6753
4601
6821
7155
6316
3843
3076
6397
9905
1402
9915
9497
1903
1643
8234
5165
5811
9452
5267
2820
6557
7147
8221
2322
9056
5810
9187
703
8265
5441
7824
7589
311
1890
1530
1252
1608
8332
333
4510
6648
9441
2194
8069
3544
3368
4353
6504
3785
7921
1453
3490
6062
4125
1052
70
2482
2237
1096
5904
966
7748
5919
7545
4826
4140
2568
8034
9457
1711
5592
8840
9598
4856
6912
7528
8952
4357
2256
4920
8357
5092
4765
1500
3158
8816
2276
7075
8812
8415
968
9445
1658
6901
8443
6472
6930
7971
2413
4897
3427
9811
1009
3574
8794
1922
5566
7361
3233
3537
9676
1475
3507
7631
3668
7790
7918
9084
7968
9385
1097
4542
9407
683
1805
2485
1640
3149
5850
3016
9025
2074
1970
1547
1380
5944
8231
1487
261
2988
2818
848
2183
7997
7550
3052
8870
7527
7048
4111
5323
2513
8632
784
2025
3911
9832
9271
1818
7442
799
4604
5562
7436
2424
6899
928
6750
3231
8373
1955
5167
2792
1664
4766
6362
9337
4389
3478
9728
6729
3951
4048
2006
8458
8578
9428
4254
4960
2578
7468
732
8508
7511
2664
9348
9243
8951
1687
143
4849
3506
4714
2705
4572
502
7004
2408
4267
8190
2524
4682
169
9402
3240
2033
9701
9697
2284
575
2432
8184
7383
6097
3141
9304
2465
7341
7712
2511
5586
4508
8667
3486
2927
7105
8874
612
2649
3571
533
2228
6747
554
8530
2618
3532
2572
4594
2576
4321
3075
3725
8904
3684
9572
4629
35
3028
3027
910
3165
8547
4528
439
8044
9089
4632
4823
4545
2580
5055
2122
6944
7684
9556
3002
2992
4264
5986
8397
8864
6647
6771
3974
4623
3946
4005
8087
6832
5724
6848
4541
9200
7454
2155
8950
52
8779
9030
1032
217
8431
538
5879
4663
7623
7768
162
1645
313
8283
3444
570
9488
4783
9860
1959
3980
980
2324
8715
6593
8126
9961
9087
4064
6341
3294
6720
3554
4462
6843
8371
5090
8925
892
2641
8584
5774
2128
2884
8976
3401
5202
9538
2181
3067
7532
1807
6198
9367
304
2743
89
536
3411
5513
6078
2544
7325
7156
2719
5467
3603
3553
7409
9484
9145
2553
5631
5491
170
2964
1874
1430
930
3318
4194
7408
6892
797
1921
4971
6443
4910
6363
7543
7832
8227
4233
9540
9786
4901
385
5311
2043
9804
2111
1162
3623
1482
1304
9165
2243
4726
6711
2747
2342
6967
2260
4689
1757
7455
6175
9088
9006
4914
1464
8419
7891
792
4385
1693
3934
9854
6733
4938
1315
9841
1691
2003
1039
1758
2287
1006
4303
9042
6881
7733
7978
5299
7598
7936
2186
7826
5133
8761
4586
5784
3756
4934
2785
967
4829
8269
2311
2472
7962
1769
8494
7912
5314
7775
5175
5047
2687
665
1842
8410
4605
9097
303
3788
8298
8913
974
3063
9156
4839
7880
1927
2994
2437
3164
5681
336
7661
7137
9396
3621
6479
6111
5796
4514
3740
6620
8579
5182
5678
9971
6174
3953
9393
236
641
5272
5894
5585
8244
4862
130
9323
5130
4936
6010
2362
5559
8810
555
7318
6173
1429
9278
2161
3604
2672
6564
1883
8905
4326
8341
6608
1929
9450
8985
9392
720
5269
219
7294
24
4068
223
2443
1618
9755
286
9808
2139
6954
6538
440
3040
5691
4745
8989
7285
7696
661
7932
5930
6383
6288
9081
3100
4452
3313
2753
7081
1093
2628
7141
2898
6242
6136
7996
5016
1710
5128
1163
2133
8567
8117
4740
6509
6777
4608
8968
7655
4489
7151
562
193
5081
1397
4780
6568
9892
1175
4292
8639
8676
4982
8452
6898
9500
4650
3082
9631
5406
6193
5616
2923
5248
6331
3653
5353
2976
154
6530
7648
173
1974
822
3442
2035
5929
296
4349
1283
1650
6369
5951
6868
6491
8708
7549
9073
755
3502
6691
1733
4774
7319
7575
4651
6524
4555
6019
6184
1810
5268
8819
3779
7769
4146
5693
4535
5975
4451
81
4001
6202
9509
9413
7391
6695
7967
407
4896
5662
8871
3990
4688
9722
7721
3962
7612
9717
1741
1152
6717
1387
4905
2590
9739
6399
2274
3686
8475
9581
5225
8504
6936
5003
6357
1800
2338
3465
4141
7266
1243
5862
3906
7109
5524
4201
4958
2107
4188
8613
7635
6539
1621
6906
2727
9431
6405
677
4792
9518
6180
264
8643
3328
1949
9052
5599
8815
8084
7202
1002
4703
8875
5091
8177
3135
5911
5817
9183
7293
5813
5142
4538
7162
6176
7309
2051
4118
4520
1826
988
638
7045
8236
2566
9276
7715
7252
3874
5322
9806
6735
8197
618
1651
1558
9781
9764
8035
3437
110
1061
3576
5932
8525
5830
6426
4760
5460
4040
3464
4995
3549
2149
3558
7435
7588
8821
6924
3701
4802
1607
5305
3420
8683
5147
3809
607
8551
4881
6948
4534
1296
7866
4274
3375
1427
6224
284
1217
8923
3017
4337
3743
5728
3423
5475
7304
6675
2140
9589
4569
8303
1157
6831
8591
6317
5569
8219
9789
7041
5033
5683
1852
6159
5148
9101
4108
5384
7894
8903
7390
9753
1207
8605
5646
5967
3304
3770
3255
9131
1342
1371
3232
6057
8565
4290
9159
3142
4892
9807
267
3921
7597
4444
5517
2997
6890
8563
689
2538
1767
8123
6032
6013
5822
7621
290
8612
489
1191
2868
4395
2291
8920
6248
8642
3053
3702
787
1663
9651
6830
8721
8233
8662
7699
4071
4610
3745
1411
9565
7328
4504
3611
3749
7870
891
9998
5721
5878
1205
7463
5274
7879
2842
4549
2059
3826
3590
8483
6623
1751
3026
6304
2926
8391
961
5799
1339
