10000
9999
9995
9994
9992
9991
9989
9988
9984
9980
9979
9974
9972
9971
9965
9964
9962
9954
9945
9944
9940
9939
9937
9930
9926
9924
9914
9911
9906
9904
9903
9902
9897
9894
9892
9886
9880
9877
9868
9866
9863
9855
9853
9852
9844
9843
9841
9839
9828
9827
9818
9817
9816
9806
9802
9800
9797
9795
9793
9789
9788
9780
9775
9752
9750
9749
9745
9741
9739
9738
9728
9727
9726
9723
9714
9706
9701
9700
9687
9686
9684
9681
9673
9669
9656
9653
9650
9648
9646
9644
9640
9633
9631
9625
9611
9597
9596
9595
9591
9578
9577
9569
9554
9550
9541
9534
9522
9521
9520
9505
9503
9501
9499
9496
9494
9485
9483
9482
9480
9475
9472
9471
9469
9468
9461
9450
9445
9444
9436
9432
9420
9412
9409
9407
9405
9399
9398
9393
9392
9380
9377
9375
9373
9368
9366
9364
9359
9357
9338
9328
9323
9315
9313
9309
9299
9298
9296
9295
9292
9288
9285
9284
9281
9280
9278
9275
9273
9272
9247
9246
9241
9225
9218
9215
9209
9202
9196
9195
9193
9182
9181
9180
9179
9178
9177
9176
9164
9161
9152
9145
9137
9136
9133
9125
9117
9110
9107
9079
9078
9069
9065
9057
9055
9050
9036
9032
9027
9021
9019
9010
9006
9003
9001
8998
8994
8989
8985
8980
8974
8973
8972
8970
8959
8954
8943
8941
8940
8933
8925
8923
8914
8911
8904
8899
8897
8896
8895
8892
8890
8886
8879
8878
8877
8872
8869
8867
8861
8849
8833
8824
8819
8817
8811
8808
8806
8805
8797
8796
8793
8788
8781
8779
8770
8766
8765
8762
8760
8759
8752
8747
8741
8740
8737
8736
8730
8725
8721
8714
8705
8699
8698
8695
8693
8686
8685
8684
8680
8666
8661
8659
8654
8643
8639
8638
8635
8630
8628
8626
8625
8623
8613
8612
8602
8595
8591
8585
8584
8583
8576
8565
8560
8557
8555
8529
8528
8521
8516
8515
8512
8511
8510
8508
8504
8503
8501
8493
8491
8488
8477
8475
8472
8470
8460
8456
8455
8453
8450
8435
8434
8426
8418
8415
8408
8402
8398
8388
8387
8377
8371
8364
8363
8351
8349
8346
8344
8343
8342
8336
8322
8319
8303
8288
8286
8285
8281
8278
8275
8271
8268
8263
8261
8257
8251
8250
8248
8243
8238
8233
8229
8221
8214
8206
8200
8195
8191
8190
8178
8174
8172
8170
8165
8155
8139
8133
8118
8110
8102
8092
8089
8087
8086
8083
8082
8078
8077
8063
8059
8053
8049
8038
8037
8026
8024
8023
8019
8018
8012
8003
8001
7983
7980
7979
7969
7968
7963
7962
7952
7947
7942
7941
7939
7937
7919
7914
7913
7904
7894
7885
7883
7879
7875
7871
7863
7861
7858
7851
7849
7848
7844
7837
7835
7829
7823
7819
7813
7811
7806
7796
7791
7784
7771
7757
7752
7748
7745
7735
7732
7717
7714
7713
7704
7687
7686
7680
7669
7661
7655
7644
7634
7630
7629
7616
7611
7610
7600
7599
7595
7594
7583
7577
7576
7575
7573
7570
7569
7568
7567
7555
7548
7543
7542
7527
7525
7516
7511
7509
7497
7491
7489
7477
7474
7468
7457
7455
7453
7447
7444
7438
7434
7425
7422
7419
7418
7415
7414
7406
7403
7401
7399
7384
7376
7370
7369
7363
7362
7360
7359
7350
7329
7323
7322
7314
7313
7312
7310
7304
7299
7298
7292
7289
7281
7277
7276
7275
7267
7266
7263
7258
7255
7251
7243
7226
7223
7219
7214
7198
7197
7195
7190
7186
7183
7171
7164
7162
7160
7155
7153
7145
7141
7138
7129
7120
7118
7113
7106
7102
7095
7094
7088
7086
7074
7064
7059
7054
7053
7052
7047
7046
7045
7039
7027
7023
7020
7013
7010
7007
7005
7002
7000
6999
6998
6996
6991
6990
6988
6987
6974
6964
6962
6953
6949
6947
6945
6941
6937
6929
6923
6920
6918
6917
6906
6898
6895
6893
6887
6882
6872
6867
6864
6856
6855
6852
6848
6838
6836
6833
6817
6795
6783
6780
6778
6775
6771
6770
6768
6766
6764
6762
6760
6753
6749
6747
6743
6742
6740
6738
6725
6714
6712
6708
6706
6695
6693
6691
6690
6675
6669
6660
6657
6642
6628
6623
6614
6610
6606
6603
6601
6600
6585
6583
6582
6572
6571
6566
6564
6563
6556
6553
6552
6550
6548
6542
6541
6534
6533
6520
6518
6503
6501
6500
6499
6497
6495
6493
6483
6476
6474
6469
6468
6465
6463
6459
6452
6442
6439
6430
6426
6422
6405
6404
6384
6383
6379
6377
6376
6371
6366
6358
6352
6341
6340
6336
6332
6330
6329
6328
6324
6323
6320
6313
6309
6308
6302
6291
6284
6278
6274
6267
6265
6257
6255
6251
6242
6235
6231
6226
6224
6217
6203
6200
6197
6196
6193
6192
6191
6177
6175
6169
6155
6154
6150
6149
6146
6132
6125
6123
6116
6106
6101
6095
6093
6085
6082
6074
6069
6068
6055
6052
6051
6041
6038
6035
6030
6019
6016
6014
6004
5991
5985
5983
5980
5978
5972
5966
5950
5946
5944
5942
5935
5933
5932
5930
5926
5925
5924
5919
5916
5909
5906
5899
5898
5891
5888
5887
5883
5880
5874
5864
5862
5861
5860
5852
5851
5850
5841
5826
5817
5806
5803
5795
5778
5771
5768
5764
5763
5761
5759
5755
5752
5749
5742
5735
5730
5716
5715
5700
5696
5694
5692
5684
5683
5678
5653
5651
5644
5642
5639
5638
5631
5629
5627
5604
5597
5595
5590
5587
5586
5584
5578
5574
5568
5562
5559
5557
5556
5553
5550
5547
5535
5527
5520
5513
5512
5508
5506
5505
5500
5498
5489
5478
5475
5467
5465
5462
5454
5451
5447
5445
5443
5441
5437
5432
5431
5423
5411
5408
5406
5400
5390
5388
5379
5377
5373
5366
5360
5355
5353
5342
5336
5326
5319
5313
5309
5284
5277
5270
5261
5243
5239
5238
5230
5227
5224
5222
5221
5209
5194
5191
5188
5185
5178
5175
5172
5164
5161
5154
5152
5145
5133
5129
5099
5092
5091
5089
5088
5087
5085
5083
5077
5072
5071
5068
5065
5060
5027
5023
5020
5009
5002
4998
4996
4995
4987
4985
4979
4978
4969
4948
4946
4942
4934
4932
4930
4926
4918
4914
4911
4906
4904
4903
4900
4898
4889
4883
4875
4868
4864
4862
4860
4854
4853
4851
4849
4846
4839
4835
4832
4826
4816
4813
4810
4805
4802
4801
4800
4777
4764
4753
4749
4746
4743
4739
4731
4729
4727
4721
4717
4716
4714
4712
4710
4704
4698
4696
4691
4689
4671
4670
4665
4658
4653
4649
4641
4639
4637
4632
4629
4628
4622
4615
4596
4585
4584
4583
4573
4570
4567
4565
4564
4562
4561
4558
4557
4554
4551
4550
4541
4537
4536
4526
4508
4504
4500
4494
4489
4488
4478
4475
4472
4468
4462
4459
4446
4436
4435
4431
4425
4418
4416
4409
4402
4401
4400
4397
4396
4391
4389
4387
4381
4378
4376
4374
4372
4370
4357
4353
4347
4340
4335
4332
4319
4315
4311
4310
4296
4295
4292
4290
4285
4276
4271
4270
4268
4265
4263
4256
4253
4251
4250
4248
4241
4239
4233
4225
4222
4220
4207
4196
4192
4185
4184
4183
4177
4175
4169
4153
4142
4134
4131
4128
4120
4116
4115
4114
4109
4107
4103
4097
4089
4087
4080
4072
4069
4067
4064
4063
4051
4048
4045
4044
4039
4035
4029
4026
4025
4012
4004
3992
3990
3976
3974
3965
3962
3960
3954
3943
3937
3934
3931
3927
3920
3910
3902
3894
3892
3886
3884
3854
3852
3844
3843
3832
3828
3827
3826
3815
3808
3807
3805
3804
3800
3798
3797
3796
3795
3788
3769
3768
3766
3760
3757
3755
3748
3737
3724
3723
3720
3712
3710
3709
3703
3702
3698
3697
3688
3685
3680
3673
3667
3657
3649
3639
3618
3607
3605
3598
3596
3594
3592
3589
3588
3580
3577
3576
3570
3550
3549
3543
3541
3540
3514
3508
3507
3500
3498
3479
3478
3471
3466
3462
3457
3454
3449
3444
3433
3429
3425
3423
3422
3414
3413
3405
3385
3381
3380
3379
3371
3360
3359
3358
3344
3338
3337
3333
3330
3323
3322
3319
3303
3296
3292
3288
3286
3281
3277
3270
3264
3263
3253
3251
3243
3242
3233
3232
3231
3229
3228
3224
3220
3219
3210
3194
3193
3191
3186
3181
3178
3173
3165
3164
3160
3159
3152
3151
3149
3147
3144
3143
3140
3134
3131
3128
3126
3125
3121
3101
3088
3086
3085
3079
3071
3066
3062
3047
3042
3041
3040
3037
3034
3033
3031
3028
3027
3025
3023
3020
3011
3009
2997
2992
2985
2982
2979
2978
2976
2962
2961
2959
2957
2951
2948
2947
2943
2941
2934
2931
2927
2921
2917
2916
2914
2906
2902
2900
2884
2880
2878
2877
2872
2871
2870
2868
2860
2859
2857
2852
2850
2848
2837
2832
2826
2825
2815
2810
2806
2803
2787
2766
2765
2764
2760
2757
2751
2746
2742
2737
2736
2735
2728
2726
2722
2721
2713
2707
2702
2690
2684
2680
2678
2676
2672
2659
2658
2648
2641
2635
2631
2630
2625
2622
2621
2614
2604
2597
2589
2585
2577
2576
2575
2571
2570
2553
2551
2550
2544
2542
2524
2520
2517
2509
2500
2499
2495
2471
2467
2463
2460
2459
2452
2444
2442
2441
2436
2434
2432
2430
2428
2427
2423
2419
2412
2409
2399
2386
2377
2375
2374
2370
2369
2364
2360
2348
2347
2346
2340
2326
2319
2313
2310
2307
2299
2296
2295
2291
2277
2276
2268
2265
2259
2253
2239
2238
2232
2230
2227
2222
2213
2212
2209
2203
2194
2193
2175
2172
2168
2165
2163
2162
2160
2151
2148
2145
2137
2133
2130
2128
2116
2114
2112
2108
2104
2103
2102
2094
2081
2080
2077
2069
2067
2056
2053
2046
2039
2034
2031
2028
2027
2021
2016
2014
2012
2011
2008
2007
2003
1998
1995
1994
1988
1986
1984
1979
1972
1963
1957
1950
1947
1946
1937
1935
1925
1919
1918
1905
1901
1894
1893
1883
1881
1879
1875
1873
1872
1869
1867
1863
1857
1839
1836
1826
1825
1824
1821
1815
1808
1803
1799
1796
1793
1792
1778
1768
1766
1762
1757
1740
1735
1726
1722
1721
1719
1718
1715
1709
1705
1699
1698
1692
1689
1673
1668
1667
1663
1656
1654
1649
1644
1636
1631
1626
1621
1619
1618
1614
1603
1591
1590
1582
1580
1578
1565
1553
1545
1532
1531
1528
1527
1524
1501
1498
1492
1489
1487
1485
1484
1482
1476
1472
1467
1465
1462
1457
1455
1452
1451
1450
1426
1424
1423
1421
1419
1410
1408
1404
1402
1401
1400
1390
1388
1387
1385
1379
1378
1370
1369
1368
1361
1351
1349
1347
1338
1336
1329
1327
1314
1304
1291
1290
1287
1283
1280
1274
1273
1267
1264
1260
1257
1251
1246
1245
1244
1242
1227
1226
1225
1222
1215
1211
1209
1208
1207
1206
1204
1202
1190
1181
1172
1166
1164
1160
1156
1150
1149
1140
1131
1123
1121
1107
1103
1095
1090
1071
1062
1059
1052
1051
1047
1041
1037
1028
1020
1014
1010
1008
1007
1003
1000
998
996
984
979
977
963
953
945
932
924
918
917
905
895
893
892
890
889
888
885
879
876
874
873
868
863
862
859
856
854
853
845
832
827
824
819
816
814
808
803
802
799
798
786
782
778
773
755
752
747
741
739
734
732
729
724
711
710
709
708
702
697
688
685
681
678
674
670
669
666
663
660
654
648
643
636
634
633
629
618
616
615
612
606
604
600
599
595
590
583
577
569
563
560
552
550
542
538
535
532
531
527
525
520
513
502
501
493
492
491
485
476
464
463
461
459
456
453
444
442
437
432
431
424
417
414
413
410
405
403
398
396
378
373
365
359
351
338
330
328
325
310
303
297
286
283
276
272
263
259
254
253
239
230
226
224
219
215
210
209
207
204
199
194
186
184
182
173
158
147
138
132
124
115
114
111
108
99
91
90
86
85
80
76
75
72
71
67
65
53
52
44
42
38
37
34
32
26
23
11
10
6
5
