5
6
10
11
23
26
32
34
37
38
42
44
52
53
65
67
71
72
75
76
80
85
86
90
91
99
108
111
114
115
124
132
138
147
158
173
182
184
186
194
199
204
207
209
210
215
219
224
226
230
239
253
254
259
263
272
276
283
286
297
303
310
325
328
330
338
351
359
365
373
378
396
398
403
405
410
413
414
417
424
431
432
437
442
444
453
456
459
461
463
464
476
485
491
492
493
501
502
513
520
525
527
531
532
535
538
542
550
552
560
563
569
577
583
590
595
599
600
604
606
612
615
616
618
629
633
634
636
643
648
654
660
663
666
669
670
674
678
681
685
688
697
702
708
709
710
711
724
729
732
734
739
741
747
752
755
773
778
782
786
798
799
802
803
808
814
816
819
824
827
832
845
853
854
856
859
862
863
868
873
874
876
879
885
888
889
890
892
893
895
905
917
918
924
932
945
953
963
977
979
984
996
998
1000
1003
1007
1008
1010
1014
1020
1028
1037
1041
1047
1051
1052
1059
1062
1071
1090
1095
1103
1107
1121
1123
1131
1140
1149
1150
1156
1160
1164
1166
1172
1181
1190
1202
1204
1206
1207
1208
1209
1211
1215
1222
1225
1226
1227
1242
1244
1245
1246
1251
1257
1260
1264
1267
1273
1274
1280
1283
1287
1290
1291
1304
1314
1327
1329
1336
1338
1347
1349
1351
1361
1368
1369
1370
1378
1379
1385
1387
1388
1390
1400
1401
1402
1404
1408
1410
1419
1421
1423
1424
1426
1450
1451
1452
1455
1457
1462
1465
1467
1472
1476
1482
1484
1485
1487
1489
1492
1498
1501
1524
1527
1528
1531
1532
1545
1553
1565
1578
1580
1582
1590
1591
1603
1614
1618
1619
1621
1626
1631
1636
1644
1649
1654
1656
1663
1667
1668
1673
1689
1692
1698
1699
1705
1709
1715
1718
1719
1721
1722
1726
1735
1740
1757
1762
1766
1768
1778
1792
1793
1796
1799
1803
1808
1815
1821
1824
1825
1826
1836
1839
1857
1863
1867
1869
1872
1873
1875
1879
1881
1883
1893
1894
1901
1905
1918
1919
1925
1935
1937
1946
1947
1950
1957
1963
1972
1979
1984
1986
1988
1994
1995
1998
2003
2007
2008
2011
2012
2014
2016
2021
2027
2028
2031
2034
2039
2046
2053
2056
2067
2069
2077
2080
2081
2094
2102
2103
2104
2108
2112
2114
2116
2128
2130
2133
2137
2145
2148
2151
2160
2162
2163
2165
2168
2172
2175
2193
2194
2203
2209
2212
2213
2222
2227
2230
2232
2238
2239
2253
2259
2265
2268
2276
2277
2291
2295
2296
2299
2307
2310
2313
2319
2326
2340
2346
2347
2348
2360
2364
2369
2370
2374
2375
2377
2386
2399
2409
2412
2419
2423
2427
2428
2430
2432
2434
2436
2441
2442
2444
2452
2459
2460
2463
2467
2471
2495
2499
2500
2509
2517
2520
2524
2542
2544
2550
2551
2553
2570
2571
2575
2576
2577
2585
2589
2597
2604
2614
2621
2622
2625
2630
2631
2635
2641
2648
2658
2659
2672
2676
2678
2680
2684
2690
2702
2707
2713
2721
2722
2726
2728
2735
2736
2737
2742
2746
2751
2757
2760
2764
2765
2766
2787
2803
2806
2810
2815
2825
2826
2832
2837
2848
2850
2852
2857
2859
2860
2868
2870
2871
2872
2877
2878
2880
2884
2900
2902
2906
2914
2916
2917
2921
2927
2931
2934
2941
2943
2947
2948
2951
2957
2959
2961
2962
2976
2978
2979
2982
2985
2992
2997
3009
3011
3020
3023
3025
3027
3028
3031
3033
3034
3037
3040
3041
3042
3047
3062
3066
3071
3079
3085
3086
3088
3101
3121
3125
3126
3128
3131
3134
3140
3143
3144
3147
3149
3151
3152
3159
3160
3164
3165
3173
3178
3181
3186
3191
3193
3194
3210
3219
3220
3224
3228
3229
3231
3232
3233
3242
3243
3251
3253
3263
3264
3270
3277
3281
3286
3288
3292
3296
3303
3319
3322
3323
3330
3333
3337
3338
3344
3358
3359
3360
3371
3379
3380
3381
3385
3405
3413
3414
3422
3423
3425
3429
3433
3444
3449
3454
3457
3462
3466
3471
3478
3479
3498
3500
3507
3508
3514
3540
3541
3543
3549
3550
3570
3576
3577
3580
3588
3589
3592
3594
3596
3598
3605
3607
3618
3639
3649
3657
3667
3673
3680
3685
3688
3697
3698
3702
3703
3709
3710
3712
3720
3723
3724
3737
3748
3755
3757
3760
3766
3768
3769
3788
3795
3796
3797
3798
3800
3804
3805
3807
3808
3815
3826
3827
3828
3832
3843
3844
3852
3854
3884
3886
3892
3894
3902
3910
3920
3927
3931
3934
3937
3943
3954
3960
3962
3965
3974
3976
3990
3992
4004
4012
4025
4026
4029
4035
4039
4044
4045
4048
4051
4063
4064
4067
4069
4072
4080
4087
4089
4097
4103
4107
4109
4114
4115
4116
4120
4128
4131
4134
4142
4153
4169
4175
4177
4183
4184
4185
4192
4196
4207
4220
4222
4225
4233
4239
4241
4248
4250
4251
4253
4256
4263
4265
4268
4270
4271
4276
4285
4290
4292
4295
4296
4310
4311
4315
4319
4332
4335
4340
4347
4353
4357
4370
4372
4374
4376
4378
4381
4387
4389
4391
4396
4397
4400
4401
4402
4409
4416
4418
4425
4431
4435
4436
4446
4459
4462
4468
4472
4475
4478
4488
4489
4494
4500
4504
4508
4526
4536
4537
4541
4550
4551
4554
4557
4558
4561
4562
4564
4565
4567
4570
4573
4583
4584
4585
4596
4615
4622
4628
4629
4632
4637
4639
4641
4649
4653
4658
4665
4670
4671
4689
4691
4696
4698
4704
4710
4712
4714
4716
4717
4721
4727
4729
4731
4739
4743
4746
4749
4753
4764
4777
4800
4801
4802
4805
4810
4813
4816
4826
4832
4835
4839
4846
4849
4851
4853
4854
4860
4862
4864
4868
4875
4883
4889
4898
4900
4903
4904
4906
4911
4914
4918
4926
4930
4932
4934
4942
4946
4948
4969
4978
4979
4985
4987
4995
4996
4998
5002
5009
5020
5023
5027
5060
5065
5068
5071
5072
5077
5083
5085
5087
5088
5089
5091
5092
5099
5129
5133
5145
5152
5154
5161
5164
5172
5175
5178
5185
5188
5191
5194
5209
5221
5222
5224
5227
5230
5238
5239
5243
5261
5270
5277
5284
5309
5313
5319
5326
5336
5342
5353
5355
5360
5366
5373
5377
5379
5388
5390
5400
5406
5408
5411
5423
5431
5432
5437
5441
5443
5445
5447
5451
5454
5462
5465
5467
5475
5478
5489
5498
5500
5505
5506
5508
5512
5513
5520
5527
5535
5547
5550
5553
5556
5557
5559
5562
5568
5574
5578
5584
5586
5587
5590
5595
5597
5604
5627
5629
5631
5638
5639
5642
5644
5651
5653
5678
5683
5684
5692
5694
5696
5700
5715
5716
5730
5735
5742
5749
5752
5755
5759
5761
5763
5764
5768
5771
5778
5795
5803
5806
5817
5826
5841
5850
5851
5852
5860
5861
5862
5864
5874
5880
5883
5887
5888
5891
5898
5899
5906
5909
5916
5919
5924
5925
5926
5930
5932
5933
5935
5942
5944
5946
5950
5966
5972
5978
5980
5983
5985
5991
6004
6014
6016
6019
6030
6035
6038
6041
6051
6052
6055
6068
6069
6074
6082
6085
6093
6095
6101
6106
6116
6123
6125
6132
6146
6149
6150
6154
6155
6169
6175
6177
6191
6192
6193
6196
6197
6200
6203
6217
6224
6226
6231
6235
6242
6251
6255
6257
6265
6267
6274
6278
6284
6291
6302
6308
6309
6313
6320
6323
6324
6328
6329
6330
6332
6336
6340
6341
6352
6358
6366
6371
6376
6377
6379
6383
6384
6404
6405
6422
6426
6430
6439
6442
6452
6459
6463
6465
6468
6469
6474
6476
6483
6493
6495
6497
6499
6500
6501
6503
6518
6520
6533
6534
6541
6542
6548
6550
6552
6553
6556
6563
6564
6566
6571
6572
6582
6583
6585
6600
6601
6603
6606
6610
6614
6623
6628
6642
6657
6660
6669
6675
6690
6691
6693
6695
6706
6708
6712
6714
6725
6738
6740
6742
6743
6747
6749
6753
6760
6762
6764
6766
6768
6770
6771
6775
6778
6780
6783
6795
6817
6833
6836
6838
6848
6852
6855
6856
6864
6867
6872
6882
6887
6893
6895
6898
6906
6917
6918
6920
6923
6929
6937
6941
6945
6947
6949
6953
6962
6964
6974
6987
6988
6990
6991
6996
6998
6999
7000
7002
7005
7007
7010
7013
7020
7023
7027
7039
7045
7046
7047
7052
7053
7054
7059
7064
7074
7086
7088
7094
7095
7102
7106
7113
7118
7120
7129
7138
7141
7145
7153
7155
7160
7162
7164
7171
7183
7186
7190
7195
7197
7198
7214
7219
7223
7226
7243
7251
7255
7258
7263
7266
7267
7275
7276
7277
7281
7289
7292
7298
7299
7304
7310
7312
7313
7314
7322
7323
7329
7350
7359
7360
7362
7363
7369
7370
7376
7384
7399
7401
7403
7406
7414
7415
7418
7419
7422
7425
7434
7438
7444
7447
7453
7455
7457
7468
7474
7477
7489
7491
7497
7509
7511
7516
7525
7527
7542
7543
7548
7555
7567
7568
7569
7570
7573
7575
7576
7577
7583
7594
7595
7599
7600
7610
7611
7616
7629
7630
7634
7644
7655
7661
7669
7680
7686
7687
7704
7713
7714
7717
7732
7735
7745
7748
7752
7757
7771
7784
7791
7796
7806
7811
7813
7819
7823
7829
7835
7837
7844
7848
7849
7851
7858
7861
7863
7871
7875
7879
7883
7885
7894
7904
7913
7914
7919
7937
7939
7941
7942
7947
7952
7962
7963
7968
7969
7979
7980
7983
8001
8003
8012
8018
8019
8023
8024
8026
8037
8038
8049
8053
8059
8063
8077
8078
8082
8083
8086
8087
8089
8092
8102
8110
8118
8133
8139
8155
8165
8170
8172
8174
8178
8190
8191
8195
8200
8206
8214
8221
8229
8233
8238
8243
8248
8250
8251
8257
8261
8263
8268
8271
8275
8278
8281
8285
8286
8288
8303
8319
8322
8336
8342
8343
8344
8346
8349
8351
8363
8364
8371
8377
8387
8388
8398
8402
8408
8415
8418
8426
8434
8435
8450
8453
8455
8456
8460
8470
8472
8475
8477
8488
8491
8493
8501
8503
8504
8508
8510
8511
8512
8515
8516
8521
8528
8529
8555
8557
8560
8565
8576
8583
8584
8585
8591
8595
8602
8612
8613
8623
8625
8626
8628
8630
8635
8638
8639
8643
8654
8659
8661
8666
8680
8684
8685
8686
8693
8695
8698
8699
8705
8714
8721
8725
8730
8736
8737
8740
8741
8747
8752
8759
8760
8762
8765
8766
8770
8779
8781
8788
8793
8796
8797
8805
8806
8808
8811
8817
8819
8824
8833
8849
8861
8867
8869
8872
8877
8878
8879
8886
8890
8892
8895
8896
8897
8899
8904
8911
8914
8923
8925
8933
8940
8941
8943
8954
8959
8970
8972
8973
8974
8980
8985
8989
8994
8998
9001
9003
9006
9010
9019
9021
9027
9032
9036
9050
9055
9057
9065
9069
9078
9079
9107
9110
9117
9125
9133
9136
9137
9145
9152
9161
9164
9176
9177
9178
9179
9180
9181
9182
9193
9195
9196
9202
9209
9215
9218
9225
9241
9246
9247
9272
9273
9275
9278
9280
9281
9284
9285
9288
9292
9295
9296
9298
9299
9309
9313
9315
9323
9328
9338
9357
9359
9364
9366
9368
9373
9375
9377
9380
9392
9393
9398
9399
9405
9407
9409
9412
9420
9432
9436
9444
9445
9450
9461
9468
9469
9471
9472
9475
9480
9482
9483
9485
9494
9496
9499
9501
9503
9505
9520
9521
9522
9534
9541
9550
9554
9569
9577
9578
9591
9595
9596
9597
9611
9625
9631
9633
9640
9644
9646
9648
9650
9653
9656
9669
9673
9681
9684
9686
9687
9700
9701
9706
9714
9723
9726
9727
9728
9738
9739
9741
9745
9749
9750
9752
9775
9780
9788
9789
9793
9795
9797
9800
9802
9806
9816
9817
9818
9827
9828
9839
9841
9843
9844
9852
9853
9855
9863
9866
9868
9877
9880
9886
9892
9894
9897
9902
9903
9904
9906
9911
9914
9924
9926
9930
9937
9939
9940
9944
9945
9954
9962
9964
9965
9971
9972
9974
9979
9980
9984
9988
9989
9991
9992
9994
9995
9999
10000
